,Country,TrainMAE,TestMAE
0,Timor-Leste,0.2544762791479691,0.1524962096507726
0,Greenland,0.1293697978596908,0.17334575955265605
0,Macao,0.25790458989609333,0.18968968715617157
0,Dominica,0.17735419520696613,0.19350855209189893
0,Papua New Guinea,0.5982860406112236,0.20229803105025498
0,Fiji,0.29665584994472777,0.21520025713407315
0,Laos,0.16065379871347799,0.24636596850835144
0,Belize,0.37874897811692887,0.47586668575271585
0,Seychelles,1.0041146829643066,0.6546640506495949
0,Barbados,0.7234102090159645,0.6821425045009617
0,Brunei,0.7027856886863425,0.7356730699930448
0,Aruba,0.6704022933968964,0.8552962331379474
0,Bhutan,0.7676045629801292,0.8936999717504258
0,Monaco,0.6780033060327721,0.9015550161475119
0,Trinidad and Tobago,1.0733080620652207,1.1858672537816466
0,Bermuda,1.0845210706579156,1.3586302781636814
0,Taiwan,1.5547579380268473,1.7294871392824795
0,Faeroe Islands,0.835314560179101,1.8154941036926842
0,Eritrea,2.2813016820622014,1.9105792590717923
0,Mongolia,2.4223602401723925,1.9144953153680406
0,Guam,2.118767085578589,1.9589749320028838
0,United States Virgin Islands,1.862030067971224,2.1419344652382803
0,Burundi,2.8333269481939616,2.254281365700682
0,Bahamas,2.0405771272723774,2.2688263069290047
0,Guyana,2.452546173561611,2.3435202680535365
0,Cambodia,1.4756091061997945,2.3518498028275663
0,Vietnam,2.9599793754768933,2.425345103379299
0,Mauritius,1.5487637825529594,2.4477460236598727
0,Gambia,1.5383321939091283,2.642927603092689
0,Myanmar,1.8151328222123808,2.8908787339659328
0,Togo,4.089786908831807,3.116535833206991
0,Syria,2.710195047038098,3.1594188944767883
0,Jamaica,3.9015226585650846,3.557998731483073
0,Angola,3.0376860171771067,3.6046344341705767
0,Lesotho,2.955482911369825,3.8105526795498186
0,Georgia,3.508344176601709,3.8536394593261796
0,Cape Verde,7.974144819982265,4.535065453625249
0,Cyprus,2.754189713077753,4.583098134505184
0,Suriname,3.5243324798471076,4.847386503980928
0,Rwanda,5.632447523217335,5.00914680941722
0,Uruguay,4.247845217985343,5.034949354307007
0,Niger,3.9772099037438817,5.041143310620481
0,Comoros,1.989927338682928,5.041300334620471
0,New Zealand,3.3848640487180233,5.102610080679213
0,Namibia,6.329377890894595,5.108293716138098
0,Liberia,4.151167765457429,5.191356094160121
0,Jordan,5.507729005085466,5.430452739204726
0,Tunisia,5.786688114242565,5.430548051925491
0,Estonia,7.623976257683166,5.543752965309816
0,Botswana,5.011356737906837,5.553863908343644
0,Latvia,3.285107827379386,5.578676932916042
0,San Marino,2.447387291217743,5.643244973459107
0,Lithuania,7.880927249524421,5.666943604730585
0,Chad,2.946592647930829,5.910871805984356
0,Eswatini,6.1581917843776806,6.0057585352747775
0,Sierra Leone,4.628059438457707,6.221063213242262
0,Slovenia,5.139588197896136,6.392655719421283
0,Mozambique,4.122166720571748,6.707630440539111
0,Iceland,5.105736946424582,6.875584534371924
0,Mali,7.061837309616251,6.891990947917659
0,Andorra,2.9341793794031195,6.921354756545586
0,Burkina Faso,3.871267217492086,7.010963469230196
0,Cuba,5.493858436860694,7.0131546159737255
0,Tajikistan,7.9016732630921975,7.2005223162653
0,Uganda,4.7930829012214256,7.337161707269815
0,Albania,6.841826222839814,7.9625194947258775
0,Thailand,8.30197534974896,8.270233452473581
0,Libya,5.3153597109700605,8.58945101027761
0,Yemen,5.639693271265203,9.389627983841013
0,Mauritania,11.088846033330523,9.57325203098509
0,Hong Kong,7.180606418237055,9.60416469311163
0,Tanzania,4.704440519928942,10.513020121942938
0,Slovak Republic,8.617781164041597,10.526997587449678
0,Lebanon,10.947521276373307,10.884465774120146
0,Somalia,9.590666718631685,11.147794910814207
0,Zimbabwe,8.733587572512652,11.630071556649703
0,Nicaragua,4.546785449755313,11.740870515610396
0,El Salvador,12.321214903715664,11.950022594149925
0,Greece,13.295177586329523,12.9002379844078
0,Senegal,15.385686353384981,13.913996570993032
0,Croatia,9.72897388571741,14.139181521361689
0,Hungary,9.690747051413496,15.046087566098814
0,Luxembourg,19.58499380098322,16.252954827403354
0,Benin,15.091003935535108,17.076489392267263
0,Malawi,12.823855784363573,17.1454697275272
0,Kosovo,10.871107201761403,17.74616539030782
0,Bulgaria,19.076017618896145,19.275815242174392
0,Puerto Rico,20.773045791700827,19.415423275431902
0,Congo,19.002764298159335,20.35235990704067
0,Central African Republic,14.716461339483493,20.497995109570738
0,Venezuela,19.76975427257083,21.045540547949685
0,Sri Lanka,8.45219856722682,21.09232850705637
0,South Sudan,16.35471916999609,21.751750824376224
0,Algeria,14.497971325136884,21.998832041808182
0,Madagascar,21.368562411044532,22.739202489523656
0,Costa Rica,17.22942682139974,23.127578143298237
0,Democratic Republic of Congo,22.49322539639422,23.371386472121806
0,Azerbaijan,17.387032823973104,24.424739539819495
0,Paraguay,12.99552898721997,24.735301705496806
0,Djibouti,23.911186470510057,24.92640984792636
0,Norway,21.84409960624106,25.645932267845456
0,Malaysia,22.255997950369903,26.126922584455507
0,Moldova,29.354799849906897,26.97031228112014
0,Palestine,24.04475642586787,27.093635532543974
0,Finland,15.679564663151108,27.1104532094931
0,Cote d'Ivoire,37.52537606603322,27.502506638384233
0,Kenya,27.593828301313078,29.994698489010734
0,Gabon,28.89568906291693,30.7956140071184
0,Denmark,26.37242128106553,31.414128609244436
0,Bosnia and Herzegovina,37.9570163179883,31.94659274069327
0,Australia,36.81481346449253,32.55181063796273
0,South Korea,37.113630513880246,33.42580590387679
0,Uzbekistan,25.807045611548308,33.527718875069624
0,Guinea,21.767412118669426,33.68897610242583
0,Haiti,22.158143670288318,34.72644843781235
0,Nepal,38.97704323937059,35.00649981634796
0,Ethiopia,42.53629408105524,35.09517216858177
0,Zambia,27.410006837700223,36.22025978728087
0,Czech Republic,32.0303604730285,45.96707458815518
0,United Arab Emirates,52.54543449981036,46.1730766541617
0,Sudan,40.167289984415554,47.65339704438515
0,Nigeria,46.20353102692751,50.448359835075756
0,Serbia,35.95613761893695,51.25581624468929
0,Afghanistan,49.80115202321363,51.35310004047263
0,Belarus,32.1607789512404,54.01122341149634
0,Romania,50.27022770978163,55.67745454906998
0,Honduras,67.40080222337455,55.742570350552995
0,Morocco,45.072771870147584,56.484852355753986
0,Ukraine,66.47929391470583,57.65281556992795
0,Bahrain,53.85075593929467,58.75890687025246
0,Austria,39.95568760403419,61.239545347771376
0,Indonesia,99.5922302179437,70.82048420963505
0,Poland,21.46747928054332,74.52713651583933
0,Panama,80.80662881819083,76.64444563789797
0,Kuwait,64.6905655524415,77.86513090996972
0,Bolivia,77.6814073019924,82.96009444991573
0,Switzerland,74.33602978303398,84.01545576248564
0,Singapore,29.971405165181896,85.36243996221816
0,Japan,51.00403302184802,85.77898493611868
0,Ireland,47.66297387868675,85.81480421450122
0,Netherlands,73.2335065325664,87.06737167789345
0,Dominican Republic,79.60469313949064,88.02182268973766
0,Oman,120.11173591684025,89.46090823122736
0,Egypt,82.01413958618535,90.95925274471269
0,Guatemala,107.45174989784327,95.94763498877055
0,Iraq,98.8582570793315,99.81069742567182
0,Israel,117.14706699722073,102.67155788169862
0,Ghana,106.84229281136744,108.27320726322648
0,Sweden,104.03925825482082,110.24463207632073
0,Cameroon,119.47000321997561,110.57004481961911
0,Portugal,74.61361568339399,119.43041661546404
0,Qatar,98.76524571893324,128.5567015501567
0,Canada,160.3680277112523,133.19991567524022
0,Bangladesh,105.62029153155457,150.5784239487637
0,Belgium,130.5171091458528,158.90802509759598
0,United Kingdom,154.3070176496139,160.57166581303733
0,Argentina,124.81764342563118,160.92457539343354
0,Philippines,152.06403966007468,165.9241918047396
0,Saudi Arabia,152.26604980933243,171.46654134553785
0,Kyrgyz Republic,250.12976477228648,182.1063531168892
0,United States,203.39207901931766,187.28168522698135
0,China,231.68088287716984,188.18270559141192
0,Iran,186.03549058634124,239.53040364672557
0,Colombia,198.89813792120754,257.1458715064553
0,Turkey,217.6688327360966,261.3859196731261
0,Kazakhstan,368.83180074703665,277.3955283213983
0,Italy,283.7427091492274,283.0691649283755
0,Russia,310.52120588757106,314.90101683369295
0,Mexico,301.53348521005273,341.79503039418944
0,Brazil,397.55022987101034,428.48867548525004
0,South Africa,524.4021006998114,501.36867317324464
0,Chile,462.02788460934653,508.7218812078049
0,Germany,364.81351301325634,517.9059453417766
0,Spain,756.1079808768003,518.4195804940576
0,Pakistan,402.46289446849534,550.2050313318866
0,India,624.869607065228,690.7810965037099
0,Peru,775.5161541853514,799.1866583687467
0,Ecuador,358.33706711175296,913.3705200828119
0,France,1334.757039433472,1873.494305895961
